CRq	LRq	Erq	ALT	NRQ	ATC	Prod
29.91176471	14.89411765	8.938235294	1.05	34	2.09144628	25.1
32.64705882	16.70588235	12.03235294	1.41	34	2.5955622	18
28.05882353	13.58823529	6.382352941	1.22	17	0.9289665	6
26.33333333	13.52380952	6.980952381	1.27	21	1.0575873	7.3
28.95	15.2	7.9575	1.27	40	2.4972948	21.3
26.77272727	13.36363636	6.090909091	1.03	22	1.1216898	6
30.58974359	14.55128205	6.78974359	1.4	39	2.4542595	18
28.38888889	14.41666667	9.269444444	1.43	36	2.0896722	19.6
27.72727273	13.90909091	7.059090909	1.28	22	1.200276	9.5
30.86666667	15.13333333	8.42	1.42	30	1.9657638	19.8
27.86956522	12.30434783	7.834782609	1.12	23	1.1021472	8.3
29.89655172	13.79310345	6.34137931	1.51	29	1.6816338	12.1
29.65	13.75	6.985	1.47	20	1.139985	19.2
26.7	12.8	6.35	1.27	20	0.9893268	8.2
29.48148148	13.18518519	6.481481481	1.38	27	1.484406	11.4
28.6875	15.375	8.43125	1.02	16	1.0004148	8.1
29.30769231	13.76923077	6.276923077	1.23	26	1.4778918	11.3
30.82857143	15.02857143	12.58571429	1.5	35	2.309769	23.5
33.31578947	15.68421053	13.47894737	1.24	19	1.4083146	15
32.71428571	14.57142857	12.12857143	1.01	7	0.4658346	5.6
28.85	13.75	7.335	1.3	20	1.1402622	9.2
29.52631579	13.78947368	7.068421053	1.15	19	1.0882872	9.6
29.875	13.5	7.85625	1.1	16	0.9076914	8
30.875	14.33333333	6.966666667	1.47	24	1.4891184	12
33.33333333	15.04761905	12.84285714	1.28	21	1.502424	16.5
29.5	13.36363636	8.795454545	1	22	1.2151062	8.5
32.76923077	16	11.77692308	1.17	13	0.9678438	11.3
30.45833333	14.04166667	8.204166667	1.08	24	1.4593194	14
29.36363636	14.54545455	15.45	1.18	22	1.3261248	15
29.41666667	13.75	6.725	1.31	12	0.6887034	7.4
29.11111111	16.11111111	8.244444444	1.32	9	0.6024942	6
34.5	16.31818182	8.822727273	1.46	22	1.742202	17.5
31.26315789	15.47368421	8.536842105	1.35	19	1.2895344	12.6
29.27272727	14.90909091	7.990909091	1.17	22	1.3546764	11.6
30.42307692	16.23076923	7.45	1.49	26	1.8047106	17
29	12.33333333	4.866666667	1.1	6	0.2992374	1.7
33.83333333	16.5	6.425	1.65	24	1.886346	18.1
27.22222222	12.22222222	5.233333333	1.15	9	0.4284126	2.8
29.76190476	14.04761905	7.428571429	1.26	21	1.2476772	10.7
32.6	15.32	8.848	1.37	25	1.7469144	16.8
31.25	14.5	8.516666667	1.35	12	0.7707546	9.2
31.73333333	13.66666667	8.94	0.99	15	0.914067	9.2
31.72	14.6	11.956	1.31	25	1.6335396	16.3
29.35	13.95	12.315	1.17	20	1.176021	13.4
27.42857143	13.85714286	10.65714286	0.62	7	0.3738042	4
27.11111111	11.16666667	7.533333333	0.88	18	0.7660422	6.5
32	14.04166667	10.93333333	1.16	24	1.534302	16.6
33.94444444	19.44444444	22.33333333	1.45	18	1.6823268	24.2
29.875	15.375	18.975	1.1	16	1.0392228	11.1
32.44444444	15.03703704	9.392592593	1.49	27	1.8408852	20.8
30.19047619	15.19047619	9.666666667	1.33	21	1.3435884	12.1
32.36666667	14.23333333	9.613333333	1.28	30	1.9697832	19.2
32.24	15.36	10.448	1.48	25	1.7244612	15.1
29.91666667	14.08333333	11.6625	1.42	24	1.419264	13
30.8	14.8	5.055	1.23	20	1.267497	7.2
26.375	11.5	9.0875	1.12	16	0.6845454	5.3
29.52	14.56	13.172	1.25	25	1.5352722	13.9
30.75	16.3125	17.56875	1.32	16	1.1155914	17.7
29.27272727	14.45454545	6.931818182	1.51	22	1.3186404	11.3
29.125	13.83333333	8.6875	1.27	24	1.369368	12.7
27.22727273	13.59090909	9.75	1.32	22	1.1548152	11.8
26.66666667	13.53333333	6.84	1.37	15	0.79002	6.6
32.06666667	14.5	9.16	1.65	30	1.9725552	18.5
29.51851852	15.03703704	7.940740741	1.44	27	1.7197488	15
28.65714286	13.4	8.908571429	1.52	35	1.9198872	19
31.38461538	14.07692308	9.953846154	1.09	13	0.8047116	8.1
31.57142857	14.5	8.421428571	1.1	14	0.9007614	8.1
28.16666667	14.33333333	9.525	1.4	24	1.3821192	12.3
28.66666667	13.06666667	7.84	1.02	15	0.811503	6.7
30.10526316	14.52631579	8.684210526	1.18	19	1.1932074	11.8
31.75	14.91666667	9.775	1.16	12	0.798336	8
29.5625	13.95833333	10.01458333	1.37	48	2.8090062	27
28.26315789	13.21052632	7.805263158	1.12	19	1.0005534	9.4
29.2	13.95	8.29	1.28	20	1.1370744	11.1
27.55555556	13.44444444	9.477777778	1.28	18	0.954954	9.8
30.63636364	14.90909091	7.736363636	1.3	11	0.7125426	7.4
28.44444444	13.77777778	9.525925926	1.35	27	1.5025626	16.5
30.23076923	13.61538462	8.8	1.33	13	0.744282	9.1
31.15909091	15.11363636	12.71136364	1.58	44	2.9409534	34.7
32.11111111	13	10.45555556	0.99	9	0.5250168	4.8
29.86666667	13.86666667	9.47	1.36	30	0.8787933	18.2
31.39285714	14.03571429	13.30714286	1.4	28	1.7264016	27.7
29.5	13.35714286	14.51428571	0.75	14	0.7707546	8.7
29.86666667	14.6	13.17666667	1.18	30	1.8435186	20
29.5625	13.125	7.1625	1.16	16	0.8798328	10.2
31	14.55555556	7.488888889	1.3	18	1.1424798	11
28.0952381	12.80952381	13.12380952	1.43	21	1.0643094	14.2
31.5	14.72222222	7.644444444	1.3	18	1.1589732	11.5
30.32142857	15.35714286	9.021428571	1.31	28	1.8699912	20
29.09090909	15.09090909	8.345454545	1.35	11	0.683298	7.3
28.61290323	14.16129032	8.7	1.45	31	1.7932068	15.3
31.30434783	15.13043478	10.59130435	1.26	23	1.5221052	15
28.75	11.625	6.95	0.82	8	0.372141	3.5
28.54545455	14	8.763636364	1.15	11	0.6237	4
30	13.88	9.172	1.49	25	1.4960484	16.6
32.375	14.625	10.175	1.09	16	1.0618146	10
32.90909091	15.68181818	10.75454545	1.49	22	1.60083	18.6
30.52631579	14.10526316	9.157894737	1.46	19	1.1629926	11.6
29.11111111	14	9.022222222	1.17	9	0.5157306	5.2
26.66666667	12.27777778	10.97222222	1.1	18	0.846153	9.1
